1,2,487.9102024574858,144.97965521784738,55.15945348346594,186.2834263807115,1,-1,-1,-1
1,1,385.3459919561739,154.08738246410522,110.58682468140216,203.2314850717896,1,-1,-1,-1
2,2,497.43071585976725,144.08023230658222,52.87334482497931,185.6038515600888,1,-1,-1,-1
2,1,389.57495404122653,153.98792169004162,107.1314525635803,203.44166648149593,1,-1,-1,-1
3,2,508.3643261837851,139.7320106805132,58.825903770788955,195.76600560849778,1,-1,-1,-1
3,1,411.6108568179662,159.67864906244122,88.96038022869004,188.6632986581112,1,-1,-1,-1
4,2,516.8329289296191,129.05350023537477,66.87958735231382,215.25718939417027,1,-1,-1,-1
4,1,440.51363039286053,166.7313924384979,71.66994217291057,177.1151188166026,1,-1,-1,-1
5,2,523.6129046889758,133.96814685502912,72.99548260151187,215.2924348924084,1,-1,-1,-1
5,1,456.4435887195231,161.18391212013864,75.55322042026734,191.55633129759383,1,-1,-1,-1
6,2,528.4968123179935,138.13836835643536,79.0225907094823,218.90627195627712,1,-1,-1,-1
6,1,467.0378708472928,155.39848889837992,80.47138921601749,201.05730200652096,1,-1,-1,-1
7,2,537.9982739739506,140.12652091661795,78.83216013502988,216.4326641705659,1,-1,-1,-1
7,1,473.64169428078856,155.4850718493056,85.77387258344947,207.74461007630316,1,-1,-1,-1
8,2,553.8677510236889,142.13133120632418,71.15403603112395,210.8574862822487,1,-1,-1,-1
8,1,485.4889944363808,155.1666974312077,88.41326005265597,209.8911358896861,1,-1,-1,-1
9,2,571.2243819136079,142.9105469146292,66.35988795730054,208.7045861889393,1,-1,-1,-1
9,1,504.63460321383303,157.76642959132926,79.14228855431367,205.80125499469204,1,-1,-1,-1
10,2,584.1491487365877,141.42113636503836,72.30706206185778,212.960571708497,1,-1,-1,-1
10,1,518.9030592431277,158.808659841664,74.7254600637018,205.05742955700316,1,-1,-1,-1
11,2,596.377987874712,141.45985156737197,77.90604648524732,216.01273266173627,1,-1,-1,-1
11,1,535.0101076558606,156.08065905425985,83.50446842788006,211.80062218117962,1,-1,-1,-1
12,2,612.5603818310103,144.28589037612323,77.7107002300595,217.12744896198768,1,-1,-1,-1
12,1,541.5084304327955,153.67193993111005,91.86432522967743,215.86297628296427,1,-1,-1,-1
13,2,624.352557501191,145.2167103322206,73.48447314235682,216.50395222046984,1,-1,-1,-1
13,1,547.3485246532889,154.23655498596176,94.7613524525359,216.6457437858468,1,-1,-1,-1
14,2,634.6194277278418,145.45938120618322,69.22236677721935,215.37213660124522,1,-1,-1,-1
14,1,563.8639715147269,153.96670363228046,89.93003909567983,215.71909647405195,1,-1,-1,-1
15,2,649.4944652766454,145.5202260007875,69.02339009656203,217.676928608273,1,-1,-1,-1
15,1,584.1551905727948,153.88482934409296,80.87509542274483,213.67186562137044,1,-1,-1,-1
16,3,280.1361943323936,142.8564237351401,78.11027136092457,186.40038126380452,1,-1,-1,-1
16,2,662.4906332711432,145.46596558431463,72.12799694505497,221.15457719301128,1,-1,-1,-1
16,1,594.5542629116882,152.08648779886173,85.84736622320247,216.67817243930315,1,-1,-1,-1
17,3,301.1499312521714,141.98997939201732,73.1878139498159,182.2914635500068,1,-1,-1,-1
17,2,674.3222123233829,146.53512327202918,75.33537021611232,222.91486348724766,1,-1,-1,-1
17,1,600.1835544897812,151.29413197658596,94.66458091092886,219.23218122493097,1,-1,-1,-1
18,3,318.34345388190854,141.26460920545117,75.47755907099122,184.1846892955877,1,-1,-1,-1
18,2,683.9960880033018,145.48471056056127,77.56050753585009,224.5782675308235,1,-1,-1,-1
18,1,607.0151095671939,152.5004694321938,104.23323488730261,219.73484421852422,1,-1,-1,-1
19,3,331.3338530625335,138.25060080164008,84.801432171535,189.0244642333385,1,-1,-1,-1
19,2,695.5864911145217,145.00075020760607,75.46370704022684,225.25387805195396,1,-1,-1,-1
19,1,621.6075988481775,151.9426408182273,102.11092799840821,219.50267498860865,1,-1,-1,-1
20,4,508.70297824527063,140.07771370291795,24.368584561470016,69.8152099976408,1,-1,-1,-1
20,3,338.27146787361653,139.03152772609582,88.51930840815953,188.9417824175469,1,-1,-1,-1
20,2,709.7355478864341,143.1701714081026,72.07132433571883,226.01422405457345,1,-1,-1,-1
20,1,644.9905123012345,151.7937121115196,94.15335309859643,217.94807222284135,1,-1,-1,-1
21,6,279.36249147040286,128.05759978067212,73.78439519594667,220.8166667404511,1,-1,-1,-1
21,5,1079.467324700215,136.87419034426333,84.3341503090328,241.27419411509285,1,-1,-1,-1
21,4,509.9829836003878,138.9323593942578,25.111238778568804,70.66112847311075,1,-1,-1,-1
21,3,351.49934072109966,140.70324611733776,80.40546747649375,184.38550400223266,1,-1,-1,-1
21,2,725.8287352487882,141.61809116175547,73.42368104429647,228.05712284860877,1,-1,-1,-1
21,1,665.4949137109295,151.36900230570092,90.45826020307277,217.6263794261539,1,-1,-1,-1
22,6,289.8814214956564,127.21357571607754,70.29040754147957,201.9383074831749,1,-1,-1,-1
22,5,1028.3348507519108,135.79290662640898,106.04015450163706,248.17249541488513,1,-1,-1,-1
22,4,510.1764292212543,139.21851696319314,26.202587156942798,71.18442618827584,1,-1,-1,-1
22,3,367.66299297873127,143.8682223670504,72.50447098559209,180.7007682794241,1,-1,-1,-1
22,2,742.3058919246733,141.66445744005205,76.20047059846615,228.28465206434663,1,-1,-1,-1
22,1,683.318676823055,151.82183030633172,93.55621412955134,218.11050656513248,1,-1,-1,-1
23,6,298.26745998173436,124.33092712562824,68.40325146229429,185.27070463634692,1,-1,-1,-1
23,5,987.4757523500289,140.10200444537298,120.96531887468018,244.9657136206738,1,-1,-1,-1
23,3,384.750071149218,145.63542694499415,66.59351227249533,180.08005230042573,1,-1,-1,-1
23,2,760.4933046013316,142.44613713224697,80.66624943529337,228.3400712295612,1,-1,-1,-1
23,1,694.0646591518681,151.53954121733506,98.86672921567242,218.64677019220096,1,-1,-1,-1
24,6,313.6914631653371,124.36540591730926,70.58263743165537,184.6249240087002,1,-1,-1,-1
24,5,955.4914635068017,142.55800925650698,126.65401258858901,240.75429908076387,1,-1,-1,-1
24,2,775.4734552777584,143.5884524628839,79.93531148477814,227.405851983039,1,-1,-1,-1
24,1,701.4104852585032,150.7503155548642,106.15220349917945,220.09241286865563,1,-1,-1,-1
25,6,324.8221988328789,133.20108813901504,70.52788943291557,192.51724681416107,1,-1,-1,-1
25,5,930.6924743200105,144.2088944694708,115.34400491639815,233.92160593303754,1,-1,-1,-1
25,2,791.1400364515919,143.0314005501676,75.81372539868721,227.03895922026746,1,-1,-1,-1
25,1,716.7010873345378,149.3120128067628,101.25707639308325,220.3576203812403,1,-1,-1,-1
26,6,334.217558302371,132.4636996670538,78.42318075001322,204.92951449133477,1,-1,-1,-1
26,5,910.6565094254426,146.7073047078954,107.97485774036613,228.36548154673494,1,-1,-1,-1
26,2,806.9091204163719,141.34256538665215,74.27938721386295,228.23340087878057,1,-1,-1,-1
26,1,742.0499514067832,146.78529287200848,95.74427937104633,220.83748293875158,1,-1,-1,-1
27,6,347.54176105073367,135.2088087462934,75.67648700591201,208.87077470654566,1,-1,-1,-1
27,5,875.7899390609448,147.38029648989203,119.51718456278263,229.5994499043353,1,-1,-1,-1
27,3,437.88731028075375,148.2971565594358,72.93091041727871,184.396791766192,1,-1,-1,-1
27,2,827.0739705328056,140.25824240544068,78.28442402581504,230.28193429179584,1,-1,-1,-1
27,1,756.571784801996,145.69325859114812,105.91189302152065,222.96397168538184,1,-1,-1,-1
28,6,358.43024499929754,131.36231093127623,76.98590312552744,208.91477612480963,1,-1,-1,-1
28,3,452.59697123942345,148.0236438175316,67.8745951054247,183.68796864678745,1,-1,-1,-1
28,2,840.8297793856592,142.40768535639359,78.32068329824119,229.02429734926193,1,-1,-1,-1
28,1,760.9164026647562,145.3279075406166,115.10073877936861,223.60884653428263,1,-1,-1,-1
29,6,370.30224608133216,130.98445617835375,73.31305094240679,209.50250014587084,1,-1,-1,-1
29,3,468.8524395218585,146.0720053639549,76.22465500295004,189.05394420821446,1,-1,-1,-1
29,2,862.4563291090759,143.1896391344618,82.9972159414026,229.0853487427205,1,-1,-1,-1
29,1,767.8862058141116,147.97318303689912,116.76996982529317,223.00048441340493,1,-1,-1,-1
30,6,383.54715467567655,132.9000719919019,70.70476316815609,214.44534281791752,1,-1,-1,-1
30,3,475.7497234059633,144.4338609546251,83.23051134799061,194.60170488258925,1,-1,-1,-1
30,2,880.2658141001205,143.50567575446217,85.6625974718711,229.00039917956576,1,-1,-1,-1
30,1,793.1751626142947,147.6342396663826,115.77103382033465,222.0214480961148,1,-1,-1,-1
31,6,391.70327904361153,133.33749942291672,75.85487498415341,221.1624401875061,1,-1,-1,-1
31,3,479.75214628266843,148.75945155455628,84.79892053119005,193.43578608418971,1,-1,-1,-1
31,2,898.8662351934972,142.14319886522134,85.80447928795525,228.92988562968492,1,-1,-1,-1
31,1,793.733781002546,150.12997184096125,119.51633635638655,220.03367061815666,1,-1,-1,-1
32,6,399.21470631006434,134.52503945241352,83.4156918936452,228.60190311110057,1,-1,-1,-1
32,3,495.92976966624076,149.42814154001212,78.72129030889414,193.3063682168933,1,-1,-1,-1
32,2,917.5211607879801,138.85496597760897,82.94528746140236,230.14782153734706,1,-1,-1,-1
32,1,834.9835626417805,146.63408684529128,117.30510958370178,222.30985411540303,1,-1,-1,-1
33,6,408.08252314924516,134.09905586706267,85.24081947708135,231.77583119621377,1,-1,-1,-1
33,3,516.9867416295598,149.4089716221198,73.07538569031362,195.6442647651068,1,-1,-1,-1
33,2,938.8074001196419,138.04092569058764,81.24360513871875,230.9410042348764,1,-1,-1,-1
33,1,866.3518910296307,146.45794071176346,122.04532155706602,223.115547326179,1,-1,-1,-1
34,6,426.1025444599273,131.1685015377318,80.27573313365622,231.20054052315925,1,-1,-1,-1
34,3,535.5459450289643,150.39683887006544,75.59294603876992,199.1513497585076,1,-1,-1,-1
34,2,960.6792950343861,137.80735869751695,82.03737764106063,231.5021195486643,1,-1,-1,-1
34,1,884.4146682792878,147.43933298492158,121.60152685089133,223.0749249863585,1,-1,-1,-1
35,11,704.7958918789711,163.62003044142259,85.84695766854634,187.36343272572972,1,-1,-1,-1
35,6,443.49368556346394,128.2942445686906,79.71423996745978,233.96901325618188,1,-1,-1,-1
35,3,545.5044446417089,152.06228585497604,82.34989460314773,202.76259002944028,1,-1,-1,-1
35,2,987.8546808889777,140.90467343830585,82.52220868454367,230.1888261951073,1,-1,-1,-1
35,1,918.8697300019859,146.4547013005913,127.6817674093844,223.20791493561103,1,-1,-1,-1
36,11,678.2294870520404,159.32411168553736,103.59780256289218,198.39413318076365,1,-1,-1,-1
36,6,460.140594076321,130.4591962714973,81.93443679955453,235.47502739244064,1,-1,-1,-1
36,3,556.2617177413606,152.41558309883436,85.9933017715291,206.96783076683454,1,-1,-1,-1
36,2,1013.0047867476236,140.35087313985142,81.8800405739795,230.25295124043984,1,-1,-1,-1
36,1,939.7473494392369,144.90432148265552,123.0162575983544,224.19007144874752,1,-1,-1,-1
37,11,663.9945680075558,160.36738748324228,102.07033723653376,193.8788006868084,1,-1,-1,-1
37,6,469.40671146071276,129.24141378266063,88.3605600920601,238.5550296123135,1,-1,-1,-1
37,3,574.0856551264726,150.37192558456516,83.58236378297056,208.49224539467045,1,-1,-1,-1
37,2,1039.778761729044,138.61210218853836,78.20025958117367,230.48746009229757,1,-1,-1,-1
37,1,962.4680352564278,143.37904905685252,120.2025577283789,225.07480334395194,1,-1,-1,-1
38,11,646.4137225939356,163.0711608192501,85.72898589647775,183.09812220481388,1,-1,-1,-1
38,6,476.410558807738,137.9251942197493,92.80898648671342,234.997501864483,1,-1,-1,-1
38,3,589.5977614372061,149.20955894258347,79.31347958550509,210.16113063570722,1,-1,-1,-1
38,1,992.959391098346,139.88248133085557,128.82418012244125,227.97112821094225,1,-1,-1,-1
39,11,638.7584252463228,169.77214698643706,72.14462062756934,175.7285217267796,1,-1,-1,-1
39,6,490.5150555638678,134.1751579869499,92.32563000277742,237.16458136943623,1,-1,-1,-1
39,3,605.8327819707496,150.9490187458715,83.39306962612591,211.1855577175345,1,-1,-1,-1
39,1,1019.6614391939657,140.78308145585487,136.01770283898406,228.0447797337402,1,-1,-1,-1
40,6,512.6810222248,132.09811823792626,87.88023823367939,238.58325486473302,1,-1,-1,-1
40,3,612.2406236221276,150.4800535605062,92.05328569913331,215.18389532836298,1,-1,-1,-1
40,1,1048.8440338582875,137.59264545398827,142.88438621750083,230.4295545555034,1,-1,-1,-1
41,6,528.7637087289175,132.97983884735228,83.41035895890332,238.47059400666015,1,-1,-1,-1
41,3,618.8910428792492,148.49840811984782,93.21795571648045,217.41700233980723,1,-1,-1,-1
41,1,1075.6522189494583,140.6053138443654,144.2979600165986,228.5005658789646,1,-1,-1,-1
42,6,550.3014845060106,133.92245167114407,87.73078672166116,238.558084362324,1,-1,-1,-1
42,3,633.3629396179113,146.7057295295464,88.2135181956221,218.8320489761155,1,-1,-1,-1
42,1,1098.5202235183588,141.351219414187,137.16423644822135,227.39553049354012,1,-1,-1,-1
43,6,555.390691319892,133.8509914137012,92.0398949209382,239.07944799307472,1,-1,-1,-1
43,3,657.2150233960591,145.73540952143958,82.10724065528916,220.87813045191876,1,-1,-1,-1
43,1,1121.6434399395403,142.5810726445263,123.55406094695627,226.1292007792538,1,-1,-1,-1
44,6,573.0670335490234,131.56687950075042,88.17051221114093,239.71040027705425,1,-1,-1,-1
44,3,678.3821084790974,145.46172798727048,84.21347749262259,223.11779092219672,1,-1,-1,-1
44,1,1138.661750198369,159.50870013869064,109.91501914000992,217.66261618605756,1,-1,-1,-1
45,6,589.4784493446836,128.49727318781953,87.46090468799662,241.69535731316694,1,-1,-1,-1
45,3,692.2097003728093,146.2747012944161,90.22018368745603,224.27154722157525,1,-1,-1,-1
46,6,612.8781223824965,126.1361770815169,86.20245228984118,242.8240243421899,1,-1,-1,-1
46,3,702.9085321212589,146.65149821383483,97.70285733624155,224.9510821755016,1,-1,-1,-1
47,12,484.06533365204785,172.26237661681282,59.200307546962506,150.21047925558722,1,-1,-1,-1
47,6,630.3098414830821,125.34783007847548,89.33277165293043,244.38088075710638,1,-1,-1,-1
47,3,722.6620772698687,145.4211599875373,97.19905539462547,225.82213565914822,1,-1,-1,-1
48,12,454.1747388857778,163.36873495690418,68.59073778358601,165.76935634207848,1,-1,-1,-1
48,6,642.3702838930658,126.58468709436771,95.16180949889826,244.73312974733244,1,-1,-1,-1
48,3,740.474749602074,142.42592778596895,92.65919787733947,227.34002055785504,1,-1,-1,-1
49,12,426.55822527433304,154.49494826566706,85.78611116139223,182.12518376664616,1,-1,-1,-1
49,6,651.2862804882022,126.12199787180509,102.47202871974537,245.81655354895287,1,-1,-1,-1
49,3,754.1638537850831,141.27753222084743,90.13828044061484,228.2296933483625,1,-1,-1,-1
50,13,529.4355318153027,133.15425554450314,25.93541264294845,81.37667960867242,1,-1,-1,-1
50,12,413.29038052960334,158.34608763725322,80.29350324283348,176.15830973580194,1,-1,-1,-1
50,6,670.4004289602826,124.29501077429042,105.15522696429343,247.35435018728668,1,-1,-1,-1
50,3,771.1525817089558,141.7463512214021,96.65014911521098,229.1602234315211,1,-1,-1,-1
51,13,529.07146206667,129.90624968548167,26.50841696100042,83.51064291834399,1,-1,-1,-1
51,6,697.369060605612,122.92321395678466,101.65936752765697,248.28864319759998,1,-1,-1,-1
51,3,787.1457487250387,142.96850008664097,98.68739532726477,228.81935323913194,1,-1,-1,-1
52,13,529.68898691431,129.33749037335443,26.900534640501974,85.02516468301434,1,-1,-1,-1
52,6,713.0427997295421,121.58187977544024,98.1257782064331,248.92950814077642,1,-1,-1,-1
52,3,798.7545153624264,142.1710955958231,101.99790275988335,228.92003839760218,1,-1,-1,-1
53,13,530.0896311531042,129.4667956987733,27.383980738284663,85.9750113923152,1,-1,-1,-1
53,6,722.7329430913533,121.7275187286564,100.84814107850639,249.48300814644185,1,-1,-1,-1
53,3,823.323824494898,140.21040263597013,97.85575115628421,230.13560524258276,1,-1,-1,-1
54,13,530.1692731603442,129.2581189814175,27.414406398899246,86.13060816359541,1,-1,-1,-1
54,12,338.086927264498,152.04285983078526,89.52875715893276,179.47219588228447,1,-1,-1,-1
54,6,746.1865953556821,122.23293510683287,99.85686788126827,249.0084120294,1,-1,-1,-1
54,3,857.0082919393327,138.58532130546348,93.57078094793906,231.28116598486088,1,-1,-1,-1
55,13,530.2420745311135,128.8171035970845,27.195096782432756,86.57485728785878,1,-1,-1,-1
55,6,762.9986800052088,119.16874883913894,105.4016361880906,250.99630597988883,1,-1,-1,-1
55,3,883.2946560527355,138.93604370626008,101.29266541565607,231.25369595809724,1,-1,-1,-1
56,17,562.2255766580279,146.14667671295865,24.962346067241242,70.28940947857069,1,-1,-1,-1
56,16,591.543155593185,143.2894165755305,31.41728656039004,95.96019935441643,1,-1,-1,-1
56,13,532.1313844613793,128.63537342027982,26.58822895470371,86.83935108406735,1,-1,-1,-1
56,6,790.3216927327466,115.96584681870918,103.13006635755755,252.58700410720934,1,-1,-1,-1
56,3,897.6593864668788,141.12269709698046,107.05167099089954,229.85523132752905,1,-1,-1,-1
57,18,624.7511976939259,153.11486071339223,19.28302208289506,59.25705232642781,1,-1,-1,-1
57,17,564.8136929376274,148.12772746120442,23.76164304734948,67.96019965575124,1,-1,-1,-1
57,16,593.8189064115115,143.16659077730213,32.90427371497731,96.7295210983117,1,-1,-1,-1
57,13,533.6740631206648,130.1029848148673,27.028239773239193,86.63251067774848,1,-1,-1,-1
57,6,817.6596882467417,112.37637727253934,106.78966560942104,256.3827306392514,1,-1,-1,-1
57,3,922.4360805917388,141.0940042639484,111.34561052200206,230.05000733741767,1,-1,-1,-1
58,18,627.2497743887077,153.86791272230928,19.869179760713223,60.829475900663,1,-1,-1,-1
58,17,566.7872383418776,147.3740353128091,24.397877244054143,68.94119396923804,1,-1,-1,-1
58,16,599.85828006951,142.32023707651047,30.0423662606745,86.82166683713905,1,-1,-1,-1
58,13,535.0686542455991,132.1650649454051,27.431160330567536,86.42233299839296,1,-1,-1,-1
58,12,272.39319258310354,150.72641586802263,79.04919898927608,173.78765127583682,1,-1,-1,-1
58,6,841.0743716705659,111.73423608289181,107.93676619385815,257.1723783483681,1,-1,-1,-1
58,3,961.0661498685666,138.55521991470425,110.66091306336364,230.90551899530146,1,-1,-1,-1
59,17,567.7245811601124,145.6558385384282,25.441904154543863,70.98978084196347,1,-1,-1,-1
59,16,603.108780088313,144.38464393547986,30.4158583507367,89.2589582306918,1,-1,-1,-1
59,13,537.1076701324748,134.34685135770343,27.44053130873067,84.73271640292171,1,-1,-1,-1
59,12,256.7755986486777,151.09208696053423,74.29550869707975,169.63964105740013,1,-1,-1,-1
59,6,859.991272147606,113.96650225723369,114.86718744551536,256.35542864540366,1,-1,-1,-1
59,3,989.3766551896454,134.84775093410292,108.016154975473,232.85352300718608,1,-1,-1,-1
60,17,569.2867590238535,144.31483855054344,26.659971010310755,72.83554759945531,1,-1,-1,-1
60,13,539.3650970009722,134.2912530560395,27.67982386655376,84.33080143621669,1,-1,-1,-1
60,12,245.7500578163522,153.19492759329907,66.73488784966636,164.67095914210088,1,-1,-1,-1
60,6,897.201443034267,113.45058801041284,115.32462506841466,256.52924691292884,1,-1,-1,-1
60,3,1017.0202057188269,134.6598978619384,110.16158696581897,233.99773725202655,1,-1,-1,-1
61,17,569.4759505018989,144.0437432569135,26.776094122606537,73.32204348425262,1,-1,-1,-1
61,13,540.0060173684409,133.8692517123714,28.333636782019767,85.5337508818024,1,-1,-1,-1
61,12,244.97226243594577,158.62379401916505,60.9052380625983,159.07908860484795,1,-1,-1,-1
61,6,928.809971916564,111.07240933617268,117.30419550276599,257.61952192525666,1,-1,-1,-1
61,3,1045.0146459931416,135.74637196795993,111.34678675864598,233.95076029953128,1,-1,-1,-1
62,17,570.2050050125902,145.16940337497581,26.3221305480738,74.11875730563219,1,-1,-1,-1
62,13,539.8973850627906,134.17765907615305,29.506133944957355,86.27776867499364,1,-1,-1,-1
62,6,955.0559797535013,106.08056794386022,120.60118692651258,260.662358175597,1,-1,-1,-1
62,3,1080.9926111152406,136.3902952628789,111.98107209358204,234.0197031598497,1,-1,-1,-1
63,17,571.8263322332836,145.69322771493518,27.38942401610393,74.86146552910674,1,-1,-1,-1
63,16,615.3384302934592,146.1823848432686,36.68467751596472,94.78586989884462,1,-1,-1,-1
63,13,542.567960925533,135.6502233111127,29.56794328494584,86.24012239399514,1,-1,-1,-1
63,6,972.2764092367461,103.77165250718076,127.65157100143415,263.33602587412514,1,-1,-1,-1
63,3,1116.560918181307,131.80201634301523,107.88235139116478,235.61405980203375,1,-1,-1,-1
64,17,572.7116096779056,145.4984432622588,28.625081242038277,76.14067313765122,1,-1,-1,-1
64,16,618.997394457897,145.94689880472166,37.743732631662624,98.06878305005557,1,-1,-1,-1
64,13,544.7659635637411,136.5915043891111,28.85160463365628,85.84483398585093,1,-1,-1,-1
64,6,993.2420681889273,106.32698534849351,137.9008259362745,262.7575348407079,1,-1,-1,-1
64,3,1146.5956549680998,129.41063193039338,95.06149041813524,236.51436874921734,1,-1,-1,-1
65,17,573.1510049595402,144.81597393716595,28.946131248108713,77.00630150862298,1,-1,-1,-1
65,16,625.0404088114027,145.03726888509095,37.26506578546537,100.405075105111,1,-1,-1,-1
65,13,545.1123385142361,136.51840271406758,28.688700599748245,85.98694209901277,1,-1,-1,-1
65,6,1028.868661852445,107.42906261336873,142.50742969251223,262.4032034390017,1,-1,-1,-1
66,17,574.3481174749077,143.8940452251812,29.44692907995909,77.47102479030804,1,-1,-1,-1
66,16,629.8689160329549,144.01740598433113,37.4491374354875,103.12763278334245,1,-1,-1,-1
66,13,546.8936730556079,135.25176360046413,27.88545563187722,86.72670029762361,1,-1,-1,-1
66,6,1074.7316034006767,103.21465482845471,140.7903645221113,264.08136864960954,1,-1,-1,-1
67,17,576.7634495967909,144.75224725375142,29.754649397907997,77.40613750451291,1,-1,-1,-1
67,16,633.9082169401588,144.5321710454197,38.9989557750705,105.92932869339046,1,-1,-1,-1
67,6,1116.272690087057,101.11104195994452,125.04952656832893,265.3668704236811,1,-1,-1,-1
68,17,578.9101763185201,145.29323581909148,30.55041309087528,77.35821685070249,1,-1,-1,-1
68,16,634.9508205477505,144.9553229471674,39.90824216080114,107.76077310116676,1,-1,-1,-1
69,17,581.9838335476456,143.82528592673413,32.394206313111,79.5053216741913,1,-1,-1,-1
69,16,641.0819468491437,144.5045683553481,40.13352585047346,109.32086430076737,1,-1,-1,-1
70,17,583.8772525437498,143.18586451088683,31.81579050486016,79.69201399844769,1,-1,-1,-1
70,16,645.9370917095646,143.2747277337661,40.255407211219335,110.89346485801963,1,-1,-1,-1
70,13,548.2864977848144,137.42229727330954,29.564886474252944,87.7150564212825,1,-1,-1,-1
71,17,586.9432594982183,144.0479414375142,31.28006800321691,80.3758573597554,1,-1,-1,-1
71,16,649.8617742233005,144.16567840200378,42.03125393026653,113.13058878635678,1,-1,-1,-1
71,13,548.318119916823,136.0010442014374,30.38952729131256,89.15302545423157,1,-1,-1,-1
72,17,589.1913529010147,143.7290729372539,31.46904349562101,81.08611319275985,1,-1,-1,-1
72,16,653.1253137937689,144.76026881104048,44.450080993652364,115.07149653599197,1,-1,-1,-1
72,13,550.0226364655507,135.46658030169053,29.830513943578353,90.24848792814078,1,-1,-1,-1
73,17,592.2641201040547,145.17190811751163,30.885668019476952,81.05021618799793,1,-1,-1,-1
73,16,659.8288129889928,145.68312908877658,45.20732625031633,117.0496806073524,1,-1,-1,-1
73,13,550.7073087239175,134.86488049236513,30.53131208281502,92.04362449057578,1,-1,-1,-1
74,17,595.0171751597632,145.05865709568664,31.719151596551455,81.60481916263899,1,-1,-1,-1
74,16,668.5425304276827,146.0483260196203,44.66382622545598,118.17855064611572,1,-1,-1,-1
74,13,551.7033144023732,135.0764587000244,29.89625645417209,92.32669823789723,1,-1,-1,-1
75,17,597.348525778645,144.97386278130233,31.825030416591744,82.08931546416551,1,-1,-1,-1
75,16,676.0867973113445,145.34512304928933,43.307269660594784,117.7914683907664,1,-1,-1,-1
75,13,552.462228407713,135.12223074619823,29.102052982016858,92.89931904886737,1,-1,-1,-1
76,17,600.2219208883466,145.58957692157395,31.580683828245583,82.29028125651297,1,-1,-1,-1
76,16,681.5346632070605,146.36293846112667,45.729008991656656,120.1310191122329,1,-1,-1,-1
76,13,551.1053758298254,134.60277178833255,30.27257239996993,94.72387500294701,1,-1,-1,-1
77,17,603.4088689775156,144.0146574485827,33.7936106681193,84.25116864785264,1,-1,-1,-1
77,16,686.6225782694348,147.36627853568564,47.49604051716733,123.31040195879626,1,-1,-1,-1
77,13,552.9386785304018,133.73198701718547,30.620722105702953,96.43419143747025,1,-1,-1,-1
78,22,665.4781534053751,146.81868397922557,31.56039110130746,81.29715467840208,1,-1,-1,-1
78,17,606.1192069161435,145.2791089251539,34.57231377751714,84.54200577308603,1,-1,-1,-1
78,16,689.9962132520795,147.72093590464587,48.43822534311494,125.16652228902117,1,-1,-1,-1
78,13,555.3147809670627,133.65908535468026,29.923341528616447,97.76808881084742,1,-1,-1,-1
79,22,667.651670819855,147.00802276095757,31.747676062430855,80.32816271264761,1,-1,-1,-1
79,17,608.8639077364328,144.40660015060416,36.02841363848097,85.2839945667285,1,-1,-1,-1
79,16,698.4356419483503,144.93490685466034,47.40489574148273,126.99799375282285,1,-1,-1,-1
79,13,556.5996578688022,133.09285636852144,30.694866193581447,98.76319534479717,1,-1,-1,-1
80,22,670.0580961842595,149.74379433538044,31.653392251095283,79.9762716159899,1,-1,-1,-1
80,17,609.2266313970329,144.799532489854,36.743258068829164,85.94912700476175,1,-1,-1,-1
80,16,707.0322989123831,145.0813238779011,46.48464704803905,127.51852067920495,1,-1,-1,-1
80,13,557.7010752975697,134.07650741649394,30.754658584793106,100.21336515460104,1,-1,-1,-1
81,22,672.6601565717921,151.26386920565318,32.991140352248976,79.19943492342452,1,-1,-1,-1
81,17,611.5326217136655,146.3442915254024,36.54339776364418,85.5418999038427,1,-1,-1,-1
81,16,713.68677552749,146.22755170077158,46.94569691691595,129.63235048065286,1,-1,-1,-1
81,13,558.6095829630968,133.62889922977587,31.469324448179123,101.65169576566666,1,-1,-1,-1
82,22,674.0130132386901,152.14729697795838,33.61820944795704,79.1477339146532,1,-1,-1,-1
82,17,614.3983298574781,147.16257903641431,36.00027651703044,86.19958599972989,1,-1,-1,-1
82,16,719.2831840281264,149.05352748689015,49.6659650358074,133.13857109659992,1,-1,-1,-1
82,13,560.3581723704461,132.97572147398083,32.259134537360524,103.49677472393824,1,-1,-1,-1
83,22,676.3057883612736,150.52345477697764,34.275661647950756,80.41171289057621,1,-1,-1,-1
83,17,616.2938618310919,146.97257330856934,36.69686058311095,87.88800301004517,1,-1,-1,-1
83,16,726.3913002861284,149.1929907776397,50.65280198234814,135.744221307788,1,-1,-1,-1
83,13,561.7052610601831,131.48463772311788,32.96818810647051,105.23798826406403,1,-1,-1,-1
84,22,679.0452103360681,150.63179865762334,33.926541252668585,81.8003081524904,1,-1,-1,-1
84,17,619.114365467492,146.98149250479509,36.73024213886765,89.45660076137176,1,-1,-1,-1
84,16,735.3485752300923,147.7068901469278,50.32062396909123,139.05286532496822,1,-1,-1,-1
84,13,559.4068997358609,131.49972899144643,36.12343050589425,107.23649015382239,1,-1,-1,-1
85,22,682.0678553311906,152.0475365082259,33.72256556983825,82.2317767977795,1,-1,-1,-1
85,17,622.6196272969469,146.6457369025846,37.21229056377979,90.4841422574172,1,-1,-1,-1
85,16,744.0563936271352,147.24513996234495,50.47450805763492,142.10461763501306,1,-1,-1,-1
85,13,557.9617362519091,131.85187321657884,39.339379323607545,109.08248481502602,1,-1,-1,-1
86,22,684.019404416881,152.56764236179075,34.11566497627905,83.53105658126168,1,-1,-1,-1
86,17,625.9123310371637,146.56415855620685,37.29747956931487,91.29791658034407,1,-1,-1,-1
86,16,752.0626637477511,148.61015438007036,54.59397585309853,144.95508129573648,1,-1,-1,-1
86,13,561.4395351170882,132.02311004342667,39.41967443074327,109.56900402924992,1,-1,-1,-1
87,22,685.938908406611,151.45330637105445,35.287142780218346,84.70280811077112,1,-1,-1,-1
87,17,628.4006044870758,146.16063161784086,38.53744545535574,93.04885379611233,1,-1,-1,-1
87,16,753.8580059114414,149.87279060245464,57.49564679308173,147.9681487241116,1,-1,-1,-1
87,13,564.0144501350026,132.33795736245708,39.7429950921769,111.4732527105673,1,-1,-1,-1
88,22,688.6305969961562,151.54409293853556,36.7396160781866,85.5674987677059,1,-1,-1,-1
88,17,630.2946575616003,143.8332847453547,41.04435560615343,94.74160808842856,1,-1,-1,-1
88,16,760.137729056571,150.4115226804675,58.00906768847403,150.48940315266714,1,-1,-1,-1
88,13,568.7174585164514,131.78715240531236,38.6760029585937,112.39324542322868,1,-1,-1,-1
89,22,692.4279874608686,151.4200196559574,37.91982076970112,85.84953507792147,1,-1,-1,-1
89,17,630.2377822507378,143.18213371226125,42.35509674128343,96.17958284854973,1,-1,-1,-1
89,16,772.4839267677272,148.62056337701455,55.53646479868394,152.67536579071037,1,-1,-1,-1
89,13,573.2024853774245,131.35197491186761,37.76490511906877,113.84012746054765,1,-1,-1,-1
90,22,695.942758163083,153.68477889301636,39.529892915141545,85.78351640531878,1,-1,-1,-1
90,17,630.9873920644899,143.73282753736217,43.50752456181954,98.9484944223185,1,-1,-1,-1
90,16,782.6684039941232,148.839625399277,54.61825973453642,156.13380855141452,1,-1,-1,-1
90,13,576.8380590638958,131.68024451418555,37.17004742615518,114.91519697674022,1,-1,-1,-1
91,22,698.9283573984999,154.62289847893726,40.107579448010256,86.05908048808584,1,-1,-1,-1
91,17,632.9043426848408,144.18995207858865,44.41094588339115,99.25785800078705,1,-1,-1,-1
91,16,790.469010078364,150.73879601321474,58.94559547719564,159.4950101495484,1,-1,-1,-1
91,13,579.689579005897,130.60493480912038,37.18144416141604,117.22905145854753,1,-1,-1,-1
92,22,703.6962882362249,153.24128349424012,39.02221833631211,86.5693625547421,1,-1,-1,-1
92,17,635.0641127737786,145.10839800583716,44.26118487529902,100.38991471535485,1,-1,-1,-1
92,16,797.4443903196579,152.5675095885009,63.79208219153497,164.1447880995592,1,-1,-1,-1
92,13,582.6107790350031,130.9775418302044,37.4765998761568,118.85033571033546,1,-1,-1,-1
93,22,706.8732745873785,153.48618735673875,38.48990897163253,88.39605641866785,1,-1,-1,-1
93,17,635.4178743390735,145.41183873432362,44.64061434915061,102.60275336166438,1,-1,-1,-1
93,16,808.1387811842714,152.6699554500123,64.85237303882695,168.46435317707756,1,-1,-1,-1
93,13,586.1084103307896,131.77356582036094,37.41061481487418,120.42765815482437,1,-1,-1,-1
94,22,711.6570923558555,154.4849272424296,39.11874262031529,89.12862194789568,1,-1,-1,-1
94,17,636.3753906750183,145.0906449028096,43.48935855366267,103.77441399221601,1,-1,-1,-1
94,16,824.6301056383898,150.00531905522004,62.671342293304406,170.7117123240819,1,-1,-1,-1
94,13,588.485234898292,131.95963997942187,37.39213157058339,121.7823610846213,1,-1,-1,-1
95,22,714.8096666836159,155.07706937312287,39.00872577793962,90.34477553859705,1,-1,-1,-1
95,17,639.3553602657481,145.90541375019066,42.174225593257916,105.29872639436729,1,-1,-1,-1
95,16,840.219875590838,149.41494929034522,62.88019212198924,174.67499498057808,1,-1,-1,-1
95,13,589.8744924300003,132.12643888913172,38.90048109707027,122.23864222243174,1,-1,-1,-1
96,22,718.4840034631873,153.71185035139635,39.13508460716821,91.36220580885936,1,-1,-1,-1
96,17,641.8335003000028,147.4243679460126,41.91689944779159,106.49727725532529,1,-1,-1,-1
96,16,851.9020656064151,150.96678431061204,71.35055833573188,177.96405466699437,1,-1,-1,-1
96,13,592.1312325765878,132.8994596330822,39.84267579824973,122.60799684582975,1,-1,-1,-1
97,22,724.4915126929436,153.27872558242126,38.66449088868967,92.77038274966452,1,-1,-1,-1
97,17,643.8299745790225,148.02058457036773,41.656422610140226,106.5177090279837,1,-1,-1,-1
97,16,858.104497213781,153.94353487235702,79.2797867409081,182.38207855422866,1,-1,-1,-1
97,13,593.2930156442023,132.45969479931432,41.638405648769776,125.01849022561856,1,-1,-1,-1
98,22,728.4241899031954,153.6790471268087,40.28763429312289,93.18415540066343,1,-1,-1,-1
98,17,645.4511233429217,147.99323407751436,42.3309622574111,107.52131296877849,1,-1,-1,-1
98,16,865.0353782034874,153.49553339409619,80.72568451906022,186.32435444141237,1,-1,-1,-1
98,13,597.8629066739253,131.75529263825823,41.66167203227951,127.33640247806537,1,-1,-1,-1
99,22,733.1231001543805,154.5641442942489,41.850818494826854,94.98696918145305,1,-1,-1,-1
99,17,649.4588509137479,147.5551432538617,43.056262882978444,109.61005989456808,1,-1,-1,-1
99,16,887.4122343011028,151.9519795766759,74.89458186485831,189.2610080404246,1,-1,-1,-1
99,13,602.0227368025077,132.60358171294996,40.43888604889571,128.84274159513603,1,-1,-1,-1
100,22,736.8531756434854,155.5241844179867,43.20691808333709,95.61901135881902,1,-1,-1,-1
100,17,651.9596108451143,148.1763981892438,42.29122488302437,110.78093497138718,1,-1,-1,-1
100,16,905.6281262235725,152.74324523442388,72.88295686768674,194.7675777600567,1,-1,-1,-1
100,13,606.2303583288035,133.10536886266294,41.217434807410655,130.67138646212987,1,-1,-1,-1
101,22,740.6680307121137,154.52021370411234,43.774072311234704,97.26114327425404,1,-1,-1,-1
101,17,655.145772857812,149.7854852528803,44.71117501954495,112.74963261491595,1,-1,-1,-1
101,16,922.168877616974,153.7234328513744,83.32273382142034,201.24174222650856,1,-1,-1,-1
101,13,609.3218182402593,133.56116778530253,41.43918257270525,132.4391710905689,1,-1,-1,-1
102,22,744.2589384615306,153.2518406748101,43.62623709204854,97.24631703335052,1,-1,-1,-1
102,17,658.5656625209479,151.632666557425,46.347467334469684,114.63107919653777,1,-1,-1,-1
102,16,933.3785930587875,154.41439662599458,91.84682513112341,208.2842304623964,1,-1,-1,-1
102,13,612.2008049425107,133.1565943599625,42.47376024859227,133.86807375763212,1,-1,-1,-1
103,22,748.8475458523558,154.68748248529565,44.21742532238113,98.51675597759362,1,-1,-1,-1
103,17,660.9802693655412,150.12974994257462,48.480127280487295,117.33916889837462,1,-1,-1,-1
103,16,951.0407478270349,153.50320531458107,90.98729683518877,212.69404995045352,1,-1,-1,-1
103,13,614.1811378321245,132.1798404890405,44.286912205915314,135.59145545737215,1,-1,-1,-1
104,22,754.5722914592815,155.24523905898377,45.21510953250436,100.84387962418606,1,-1,-1,-1
104,17,664.4454843726884,149.7521505943961,47.69290238714575,119.20987722369532,1,-1,-1,-1
104,16,977.8878399820553,150.73059541761558,85.65692215151762,215.8582534708354,1,-1,-1,-1
104,13,608.3424996526483,130.13448360536898,50.49975809736543,140.05611252286553,1,-1,-1,-1
105,22,757.6826118029661,154.14953185161943,45.64422942226406,102.03009570421045,1,-1,-1,-1
105,17,669.6887468703723,152.268477560162,50.17035947544423,120.91523197994945,1,-1,-1,-1
105,16,992.6145663477068,148.57258456281983,94.8614532310794,220.53919962452449,1,-1,-1,-1
105,13,614.8746401768717,130.43521222945836,49.629626748453575,142.65687271298245,1,-1,-1,-1
106,22,762.893397983362,154.1001218406581,45.28882445384761,103.15356377680499,1,-1,-1,-1
106,17,670.8320825181312,153.3344351139847,49.937624708825524,121.35618620561681,1,-1,-1,-1
106,16,1008.1704601047979,148.92383132352128,111.09942127520071,222.44627400326831,1,-1,-1,-1
106,13,619.4903483005611,131.42545861058528,49.98122856779355,144.417435076892,1,-1,-1,-1
107,22,770.9417127078674,154.91349296853784,45.21094677049609,104.31667647361033,1,-1,-1,-1
107,17,676.2569452071912,152.74249533050764,50.146768241786276,121.48683626469833,1,-1,-1,-1
107,16,1018.4783520650047,148.68742285842413,118.77413482922418,223.57075833532488,1,-1,-1,-1
107,13,624.1003749019832,134.13685230007283,49.25894558756613,146.37375383138377,1,-1,-1,-1
108,22,777.8066841969121,155.89209373520245,46.437062714049716,106.45605527201187,1,-1,-1,-1
108,17,680.5624326084006,151.9493679864231,52.40410037192214,123.68628950275803,1,-1,-1,-1
108,16,1039.2623954788853,146.32594849818335,118.74512460340884,225.25503676753183,1,-1,-1,-1
108,13,624.315872441542,132.8238137604839,48.80984279241511,148.3011939021895,1,-1,-1,-1
109,22,785.0014094237209,156.2326908410564,48.17361039760726,109.01048214944393,1,-1,-1,-1
109,17,684.2922341359391,152.47292166378588,54.72252043312801,127.10013566783363,1,-1,-1,-1
109,16,1077.049022387526,143.43659559438305,108.19820507880058,226.73988110200298,1,-1,-1,-1
110,22,790.702143363613,157.01440003566944,48.21138021550951,110.03731442823982,1,-1,-1,-1
110,17,688.6196649418661,153.52688511200978,56.25147800173181,128.85956416531724,1,-1,-1,-1
110,16,1108.1086212228915,142.6990794389691,102.39896159462342,227.73862882179932,1,-1,-1,-1
111,22,795.5407435264605,156.31374134399545,46.8415679863067,110.77375360514111,1,-1,-1,-1
111,17,691.2861172494261,156.3088433790499,56.518041909577505,131.92063320573345,1,-1,-1,-1
111,16,1126.9688261671045,144.14325434813514,100.45963613771164,227.8051816411405,1,-1,-1,-1
112,22,802.6507292573723,155.38185516884315,45.228779654434675,111.86872657992078,1,-1,-1,-1
112,17,693.5144918384789,155.95623585325444,56.2677464288663,133.53721452423946,1,-1,-1,-1
112,16,1137.5236296975113,163.1793535792291,97.13454238448094,216.5747208353082,1,-1,-1,-1
112,13,636.2868575677879,134.4607813441218,47.88796605894254,155.40823218564122,1,-1,-1,-1
113,22,805.7333032851702,155.39449902838038,48.35325150459539,114.77774121967195,1,-1,-1,-1
113,17,698.0163646780824,154.9989509975481,55.219243082512776,135.23669634458685,1,-1,-1,-1
113,13,640.234450373129,134.5661805578132,48.1975730079605,157.93114860947622,1,-1,-1,-1
114,22,810.6159519096192,156.2213213569397,49.67058206405295,117.47328042071621,1,-1,-1,-1
114,17,706.748776537568,156.40189263390835,58.156550666202975,138.9438829949716,1,-1,-1,-1
114,13,644.5999780142819,132.94851110706773,48.38099197919291,161.07073345965065,1,-1,-1,-1
115,22,815.8318495305059,154.7710711275017,50.46069935026321,118.0004106278067,1,-1,-1,-1
115,17,711.4521656355391,157.54347882231,62.069605572138244,142.37192269817027,1,-1,-1,-1
115,13,646.0421463583648,132.763944492977,49.934240463409196,165.53840721932406,1,-1,-1,-1
116,22,825.3422195638096,155.6102658618071,50.281093766337335,119.48228336472224,1,-1,-1,-1
116,17,715.7561822515415,156.40481852292248,65.78105125064144,143.17344730764802,1,-1,-1,-1
116,13,644.3608105579843,133.74742377087748,54.44025354171231,169.35169285786597,1,-1,-1,-1
117,22,834.3875030359234,155.81125273282527,51.326558201024,121.43487521238194,1,-1,-1,-1
117,17,721.5567654977768,156.71900221714102,66.55901772293555,144.73303770733727,1,-1,-1,-1
117,13,643.0190854065763,136.55916394737255,58.24465924773244,171.90102656099407,1,-1,-1,-1
118,22,841.7778973566051,157.18918933950712,54.11854832862764,123.75357237982738,1,-1,-1,-1
118,17,722.8546354739103,157.68904788289305,66.46278210802302,148.00526874038658,1,-1,-1,-1
118,13,643.2968403030274,137.5918644695243,61.967613108478645,175.28266686703398,1,-1,-1,-1
119,22,848.7839803510877,158.6930357766605,56.01927397058944,125.67095124676382,1,-1,-1,-1
119,17,728.3075033582753,158.76408251315473,68.75343642742519,152.10160109813359,1,-1,-1,-1
119,13,652.2586800188725,135.99413534490034,60.979909289056195,179.31793217946765,1,-1,-1,-1
120,22,859.0915810876278,158.1041319135947,56.39965597952846,127.08015768516782,1,-1,-1,-1
120,17,731.7876507576049,163.25339652045398,68.47805082767968,157.23429430817674,1,-1,-1,-1
120,13,663.7441101205225,134.29595260236152,57.56961520248592,182.13220376333646,1,-1,-1,-1
121,22,868.6757445767053,157.09049402031005,54.35326762306977,127.65807068231274,1,-1,-1,-1
121,17,735.1049234947955,165.54595357376064,70.20010589468916,161.57222781230894,1,-1,-1,-1
121,13,671.7213200185156,135.25810240769832,55.803022393571155,185.06238768842738,1,-1,-1,-1
122,22,877.7878280285181,157.25503379625815,54.5917042644146,130.2648372599249,1,-1,-1,-1
122,17,738.3586420705093,164.36417713319472,69.87246110586057,164.0931167159869,1,-1,-1,-1
122,13,678.2481895587968,138.00951204327225,57.83451919727531,187.68902909115712,1,-1,-1,-1
123,22,889.0198241928271,158.94244168830494,58.79194894184184,134.27576308606422,1,-1,-1,-1
123,17,745.9527864201822,163.7658059004096,74.72742172396988,169.90983748286988,1,-1,-1,-1
123,13,682.1506777345728,138.64687760327223,60.01195043564803,191.0327714451447,1,-1,-1,-1
124,22,893.6164350615715,158.8746363119488,61.3111460139753,137.1950039640907,1,-1,-1,-1
124,17,751.8146103656959,163.9715090298733,74.79090126830624,173.02532017394913,1,-1,-1,-1
124,13,688.9003400299839,138.04106150997308,60.813694510419054,196.0330194191772,1,-1,-1,-1
125,22,907.2398018600595,158.87773533247793,58.492278040230985,139.20761095439093,1,-1,-1,-1
125,17,754.658162268456,166.745486534641,78.61380907673856,177.63656106873273,1,-1,-1,-1
125,13,697.5448765323251,135.4860739414886,60.5761060047289,199.73334751475574,1,-1,-1,-1
126,22,920.4406365933411,157.48913273781017,58.95038849640673,142.1339461693537,1,-1,-1,-1
126,17,762.1054173566531,167.4267202271715,82.55463123503387,181.0248032240423,1,-1,-1,-1
126,13,696.021103368059,136.39656326887848,66.92837019041485,207.59944142468066,1,-1,-1,-1
127,22,934.1321647220302,159.68219451447337,63.30078914105957,145.88385164613138,1,-1,-1,-1
127,17,775.853489423004,165.35032109544932,83.32672760717878,185.32638567572099,1,-1,-1,-1
127,13,691.9442816494008,138.84292070778696,75.22235576874732,214.6320284028547,1,-1,-1,-1
128,22,943.9983695257351,161.0433776874275,67.9139616777336,148.47535534676314,1,-1,-1,-1
128,17,783.279161090965,165.19617930383595,80.72232339976313,189.49019172690691,1,-1,-1,-1
128,13,691.0049204007497,138.51257230294505,81.76469627620031,220.498900832397,1,-1,-1,-1
129,22,958.5989742013446,160.5935320463683,68.41001061090424,149.80869248388166,1,-1,-1,-1
129,17,790.9440308053664,166.9390102304999,83.23067078939562,194.49254261012527,1,-1,-1,-1
129,13,697.5485461716356,137.26299812886646,84.63837874288811,225.28624314073164,1,-1,-1,-1
130,22,968.8245831129556,159.1482079701808,66.21120856311484,150.1704900373154,1,-1,-1,-1
130,17,796.5130345082163,167.82549331828724,82.38651580000214,197.51098821112456,1,-1,-1,-1
130,13,716.5493860551985,134.56462211656003,80.73937179095947,229.1286847318862,1,-1,-1,-1
131,22,981.4247341876577,160.05354931238446,66.10406406341838,152.85783129522952,1,-1,-1,-1
131,17,807.5696065836133,166.85350047496416,82.84284268658507,200.85870178584844,1,-1,-1,-1
131,13,731.7556441655679,132.07522959178613,76.62110666800527,233.44463599607639,1,-1,-1,-1
132,22,997.845971267733,161.98261544260833,73.34735126824978,156.54889756039256,1,-1,-1,-1
132,17,819.9719899676833,164.69409353906923,80.99401168319991,203.84962561934174,1,-1,-1,-1
132,13,744.2367443905107,132.19510514183304,75.96588846520967,235.8973361708076,1,-1,-1,-1
133,22,1006.3071492867778,163.28237303891785,76.69881425489348,160.25567358941873,1,-1,-1,-1
133,17,828.2067880364866,163.43879654028373,82.3954699026367,206.24677999222232,1,-1,-1,-1
133,13,752.6797765360099,133.14117164830498,78.01668911749562,237.16771306977336,1,-1,-1,-1
134,22,1023.5740350376606,163.19643660782174,70.91258217117422,162.14356771776676,1,-1,-1,-1
134,17,835.9466905496758,164.44007817961977,90.75221714446138,206.69690106805456,1,-1,-1,-1
134,13,758.5489939861816,130.89718784573967,80.30249117381709,239.51700261969586,1,-1,-1,-1
135,22,1039.9344479963752,161.9531533847316,70.65226398701407,164.07908016021975,1,-1,-1,-1
135,17,847.2040588589757,164.85048697174673,95.86503514883498,206.9500126474255,1,-1,-1,-1
135,13,769.8232318043764,126.72323847287653,79.39606534663722,242.03043222240058,1,-1,-1,-1
136,22,1059.8403329981095,163.89619985860799,73.68226203019458,168.98593401214777,1,-1,-1,-1
136,17,863.3398352252373,162.63857214350728,96.08150179947143,208.01894464309217,1,-1,-1,-1
136,13,781.3880651440293,122.8060645096255,78.91240753218358,244.65187773280024,1,-1,-1,-1
137,22,1074.4052974896226,165.98348555813166,79.72059164680468,174.17114764075208,1,-1,-1,-1
137,17,887.0164282535238,160.08329088001238,94.1888824918974,209.90573789360246,1,-1,-1,-1
137,13,780.6123877713876,121.26012260001104,86.62486615860621,247.09200694423728,1,-1,-1,-1
138,22,1093.22611790769,165.54903297545502,80.40190897778757,177.7178887681019,1,-1,-1,-1
138,17,902.6110952337688,160.13629859922094,96.72412121474258,210.6803296259243,1,-1,-1,-1
138,13,779.104066296258,122.36688168971787,96.91298990506107,247.70928336987683,1,-1,-1,-1
139,22,1109.0339802778064,159.79067983292623,78.60861319227706,174.53820925525287,1,-1,-1,-1
139,17,918.1912139642185,161.69998248915084,105.69413840417974,209.7088117791427,1,-1,-1,-1
139,13,780.8577294501515,121.83166897525777,106.5852808764696,248.5590571696537,1,-1,-1,-1
140,22,1124.3744069478644,162.60239338861373,80.37861199902909,178.84044178716084,1,-1,-1,-1
140,17,935.8786575343655,161.87047070806,113.91304123232737,209.26481185770876,1,-1,-1,-1
140,13,791.1828297934514,117.83145938057086,112.46693909753935,251.05292385353098,1,-1,-1,-1
141,22,1140.311994479059,161.5799232991955,81.27030712248188,179.06648723769854,1,-1,-1,-1
141,17,959.3513770675172,160.36259785654028,117.29090447105796,210.3852048765383,1,-1,-1,-1
141,13,814.7888308055279,113.69088882338205,110.43043586710974,254.12842642792583,1,-1,-1,-1
142,17,985.6473887196652,158.3175981789256,115.92881067974292,211.60574015478926,1,-1,-1,-1
142,13,840.6848272020352,111.64745197402695,105.1704462342957,255.9516271842716,1,-1,-1,-1
143,17,1004.5414285315444,160.42458258117787,120.97307156321995,210.67053968071596,1,-1,-1,-1
143,13,861.8687422799741,111.72413218997559,103.42245343531908,256.89323499087925,1,-1,-1,-1
144,17,1025.8805693218856,162.40524428735264,126.46933078243319,209.40830064082385,1,-1,-1,-1
144,13,884.0948165755437,111.6629037377594,109.78524198126593,257.41564220094955,1,-1,-1,-1
145,17,1063.4634069345448,162.4929077937254,129.47822384463188,208.69705350299466,1,-1,-1,-1
145,13,905.6900399138261,109.13811660344226,107.93502383986993,259.3037111103622,1,-1,-1,-1
